0,0.17566921037498734,0.15577612864119667,0.0005
epoch,train_loss,val_loss,Seed,Lr
1,0.14904740425419263,0.15241425495062555,0.0005
2,0.14594244447097693,0.15007887729576655,0.0005
3,0.14299749234785458,0.15264132093105998,0.0005
4,0.13951706123305865,0.15188785101686206,0.0005
5,0.1354408445532569,0.14792392918041775,0.0005
6,0.1304602091843308,0.15257189290864126,0.0005
7,0.12396679847800518,0.1533518258375781,0.0005
8,0.11503961484204692,0.16128501962338176,0.0005
9,0.103793274125063,0.17056724720767566,0.0005
