00001522_000.png 0 0 0 0 0 0 0 0 0 0 0 0 0 0
00023313_000.png 1 0 0 0 0 0 0 0 0 0 0 0 0 0
00023313_001.png 0 0 0 0 0 0 0 0 0 0 0 0 0 0
00023313_002.png 0 0 1 0 0 0 0 1 0 0 1 0 0 0
00023313_003.png 0 0 0 1 0 0 0 0 0 0 0 0 0 0
00023313_004.png 1 0 1 0 0 0 0 0 0 0 0 0 0 0
00023313_005.png 0 0 0 0 0 0 0 0 0 0 0 0 0 0
00023313_006.png 0 0 0 0 0 1 0 1 0 0 1 0 1 0
00023313_007.png 0 0 0 0 0 0 0 1 0 0 0 0 0 0
00023313_008.png 0 0 1 0 1 0 0 0 0 0 0 0 0 0
00023313_009.png 0 0 0 0 0 0 0 1 0 0 0 0 0 0
00023313_010.png 0 0 0 0 0 1 0 1 0 0 0 0 1 0
00027736_000.png 1 0 1 0 0 0 0 0 0 0 0 0 0 0
00027736_001.png 0 0 0 0 0 0 0 0 0 0 0 0 0 0
00027736_002.png 0 0 0 0 0 0 0 0 0 0 0 0 0 0
00027736_003.png 0 0 0 0 0 0 0 0 0 0 0 0 0 0
00027736_004.png 0 0 0 0 0 0 0 0 0 0 0 0 0 0
00027736_005.png 0 0 0 0 0 0 0 0 0 0 0 0 0 0
00027736_006.png 0 0 0 1 0 0 0 0 0 0 0 0 0 0
00027736_007.png 0 0 0 0 0 0 0 0 0 0 0 0 0 0
00008411_000.png 0 0 0 0 0 0 0 0 0 0 0 0 0 0
00008411_001.png 0 0 0 0 0 0 0 0 0 0 0 0 0 0
00008411_002.png 0 0 0 0 0 0 0 0 0 0 0 0 0 0
00008411_003.png 0 0 0 0 0 0 0 0 0 0 0 0 0 0
00008411_004.png 0 0 0 0 0 0 0 0 0 0 0 0 0 0
00008411_005.png 0 0 0 0 0 0 0 0 0 0 0 0 0 0
00018869_000.png 0 0 0 0 0 0 0 0 0 0 0 0 0 0
00006838_000.png 0 0 0 0 0 0 0 0 0 0 0 0 0 0
00005794_000.png 0 0 0 0 1 0 0 0 0 0 0 0 0 0
00005794_001.png 0 0 0 0 0 0 0 0 0 0 0 0 0 0
00005794_002.png 0 0 0 0 1 0 0 0 0 0 0 0 0 0
00005794_003.png 0 0 0 0 0 0 0 0 0 0 0 0 0 0
00005794_004.png 0 0 0 0 0 0 0 0 0 0 0 0 0 0
00005794_005.png 0 0 0 0 0 0 0 0 0 0 0 0 0 0
00005794_006.png 0 0 0 0 0 0 0 0 0 0 0 0 0 0
00005794_007.png 0 0 0 0 0 0 0 0 0 0 0 0 0 0
00005794_008.png 0 0 0 0 0 0 0 0 0 0 0 0 0 0
00005794_009.png 0 0 0 0 0 0 0 0 0 0 0 0 0 0
00005794_010.png 1 0 0 0 0 1 0 0 0 1 1 0 0 0
00005644_000.png 0 0 1 0 0 0 0 0 0 0 0 0 1 0
00008967_000.png 0 0 0 0 0 0 0 0 0 0 0 0 0 0
00008967_001.png 0 0 0 0 0 0 0 0 0 0 0 0 0 0
00000564_000.png 0 0 0 0 0 0 0 0 0 0 0 0 0 0
00014602_000.png 0 0 0 0 0 0 0 1 0 0 0 0 0 0
00014602_001.png 0 0 0 0 0 0 0 0 0 0 0 0 0 0
00005574_000.png 0 0 0 0 0 0 0 0 0 0 0 0 0 0
00005574_001.png 0 0 0 1 0 0 0 0 0 0 0 0 0 0
00005574_002.png 0 0 0 1 0 0 0 0 0 0 0 0 0 0
00024009_000.png 0 0 0 0 0 0 0 0 0 0 0 0 0 0
00012413_000.png 0 0 0 0 1 0 0 0 0 0 0 1 0 0
00012413_001.png 0 0 0 0 0 0 0 0 0 0 0 0 0 0
00012413_002.png 1 0 0 0 0 1 0 0 0 0 0 0 0 0
00012413_003.png 0 0 0 0 0 0 0 0 0 0 0 0 0 0
00012413_004.png 0 0 0 0 0 0 0 0 1 0 0 0 0 0
00012413_005.png 0 0 0 0 0 0 0 0 0 0 0 0 0 0
00012413_006.png 0 0 0 0 0 0 0 0 0 0 0 0 0 0
00012413_007.png 0 0 0 0 1 0 0 0 0 0 0 0 0 0
00012413_008.png 0 0 0 0 0 0 0 0 0 0 0 1 0 0
00012413_009.png 0 0 0 1 1 0 1 0 0 0 0 0 0 0
00012413_010.png 0 0 0 1 0 1 0 0 0 0 0 0 0 0
00012413_011.png 0 0 1 1 0 1 0 0 0 0 0 0 0 0
00012413_012.png 0 0 0 1 1 1 0 0 0 0 0 0 0 0
00012413_013.png 0 0 0 1 1 1 0 0 0 0 0 0 0 0
00012413_014.png 0 0 1 1 0 1 0 0 0 0 0 0 0 0
00012413_015.png 0 0 1 1 0 1 0 0 0 0 0 0 0 0
00012413_016.png 0 0 1 1 0 1 0 0 0 0 0 0 0 0
00012413_017.png 0 0 1 1 0 1 0 0 0 0 0 0 0 0
00012413_018.png 0 0 1 0 1 0 0 0 0 0 0 1 0 0
00012413_019.png 0 0 1 1 0 0 0 0 0 0 0 1 0 0
00012413_020.png 1 0 0 0 1 0 0 0 1 0 0 0 0 0
00012413_021.png 0 0 0 0 1 0 0 0 0 0 0 0 0 0
00016909_000.png 0 0 0 0 0 0 0 0 0 0 0 0 0 0
00012231_000.png 0 0 0 0 0 0 0 0 0 0 0 0 0 0
00008789_000.png 0 0 0 0 0 0 0 0 0 0 0 0 0 0
00008789_001.png 0 0 0 0 0 0 0 0 0 0 0 0 0 0
00018530_000.png 0 0 0 1 0 0 0 0 0 0 0 0 0 0
00018530_001.png 0 0 0 0 0 0 0 0 0 0 0 0 0 0
00018530_002.png 0 0 0 0 0 0 0 0 0 0 0 0 0 0
00018530_003.png 0 0 0 1 0 0 0 0 0 1 0 0 0 0
00018530_004.png 0 0 0 1 0 0 0 0 0 0 0 0 0 0
00018530_005.png 0 0 0 1 0 0 0 0 0 1 0 0 0 0
00018530_006.png 0 0 0 0 0 0 0 0 0 0 0 0 0 0
00018530_007.png 0 0 0 1 0 0 0 0 0 0 0 0 0 0
00018530_008.png 0 0 0 1 0 0 0 0 0 0 0 0 0 0
00018530_009.png 0 1 0 1 0 0 0 0 0 0 0 0 0 0
00018530_010.png 0 0 0 1 0 1 0 0 0 0 0 0 0 0
00006986_000.png 0 0 0 0 1 0 0 0 0 0 0 0 0 0
00011465_000.png 0 0 0 0 0 0 0 0 0 0 0 0 0 0
00022248_000.png 0 0 0 0 0 0 0 0 0 0 0 0 0 0
00022248_001.png 0 0 0 0 0 0 0 0 0 0 0 0 0 0
00022248_002.png 0 0 0 0 0 0 0 0 0 0 0 0 0 0
00022248_003.png 0 0 0 0 0 0 0 0 0 0 0 0 0 0
00022248_004.png 0 0 0 0 0 0 0 1 0 0 0 0 0 0
00022248_005.png 0 0 0 0 0 0 0 0 0 0 0 0 0 0
00022248_006.png 0 0 0 0 0 0 0 0 0 0 0 0 0 0
00022248_007.png 0 0 0 0 0 0 0 0 0 0 0 0 0 0
00022248_008.png 0 0 0 0 0 0 0 0 0 0 0 0 0 0
00030748_000.png 0 0 0 0 0 0 0 0 0 0 0 0 0 0
00000067_000.png 0 0 0 0 0 0 0 0 0 0 0 1 0 0
00000067_001.png 1 0 0 0 0 0 0 0 0 0 0 0 0 0
00000067_002.png 0 0 0 0 0 0 0 0 0 0 0 0 0 0
00008468_000.png 0 0 0 0 0 0 0 0 0 0 0 0 0 0
00008468_001.png 0 0 0 0 0 0 0 0 0 0 0 0 0 0
00008468_002.png 0 0 0 0 0 0 0 0 1 0 0 0 0 0
00008468_003.png 0 0 1 1 0 0 0 0 0 1 0 0 0 0
00008468_004.png 0 0 0 1 0 0 0 0 0 0 0 0 0 0
00008468_005.png 0 0 0 1 0 0 0 0 0 0 0 0 0 0
00008468_006.png 0 0 0 0 0 0 0 0 0 0 1 0 0 0
00008468_007.png 0 0 0 0 0 0 0 0 0 0 0 0 0 0
00008468_008.png 0 0 0 0 0 0 0 0 0 0 0 0 0 0
00008468_009.png 0 0 0 0 0 0 0 0 0 0 1 0 0 0
00008468_010.png 0 0 0 0 0 0 0 0 0 0 0 0 0 0
00008468_011.png 0 0 0 0 0 0 0 0 0 0 1 0 0 0
00008468_012.png 0 0 0 0 0 0 0 0 0 0 1 0 0 0
00008468_013.png 0 0 0 0 0 0 0 0 0 0 1 0 0 0
00008468_014.png 0 0 0 0 0 0 0 0 0 0 1 0 0 0
00008468_015.png 0 0 0 0 0 0 0 0 0 0 1 0 0 0
00008468_016.png 0 0 0 0 0 0 0 1 0 0 0 0 0 0
00008468_017.png 0 0 0 0 0 0 0 0 0 0 1 0 0 0
00008468_018.png 0 0 0 0 0 0 0 0 0 0 1 0 0 0
00008468_019.png 0 0 0 0 0 0 0 0 0 0 1 0 0 0
00008468_020.png 0 0 0 0 0 0 0 0 0 0 1 0 0 0
00008468_021.png 0 0 0 0 0 0 0 0 0 0 1 0 0 0
00008468_022.png 0 0 0 0 0 0 0 1 0 0 1 0 0 0
00008468_023.png 0 0 0 0 0 0 0 1 0 0 0 0 0 0
00008468_024.png 0 0 0 0 0 0 0 1 0 0 0 0 0 0
00008468_025.png 0 0 0 0 0 0 0 1 0 0 1 0 0 0
00008468_026.png 0 0 0 0 0 0 0 1 0 0 1 0 0 0
00008468_027.png 0 0 0 0 0 0 0 0 0 0 0 0 0 0
00008468_028.png 0 0 0 0 0 0 0 0 0 0 0 0 0 0
00008468_029.png 0 0 0 0 0 0 0 1 0 0 0 0 0 0
00008468_030.png 0 0 0 0 0 0 0 0 0 0 0 0 0 0
00008468_031.png 0 0 0 0 0 0 0 1 0 0 1 0 0 0
00008468_032.png 0 0 0 0 0 0 0 1 0 0 1 0 0 0
00008468_033.png 0 0 0 0 0 0 0 1 0 0 1 0 0 0
00008468_034.png 0 0 0 0 0 0 0 0 0 0 1 0 0 0
00008468_035.png 0 0 0 0 0 0 0 0 0 0 1 0 0 0
00008468_036.png 0 0 0 0 0 0 0 1 0 0 1 0 0 0
00008468_037.png 0 0 0 0 0 0 0 0 0 0 1 0 0 0
00008468_038.png 0 0 0 0 0 0 0 0 0 0 1 0 0 0
00008468_039.png 0 0 0 0 0 0 0 0 0 0 1 0 0 0
00008468_040.png 0 0 0 0 0 0 0 1 0 0 1 0 0 0
00008468_041.png 0 0 0 0 0 0 0 1 0 0 1 0 0 0
00008468_042.png 0 0 0 0 0 0 0 0 0 0 1 0 0 0
00008468_043.png 0 0 0 0 0 0 0 0 0 0 0 0 0 0
00008468_044.png 0 0 0 0 0 0 0 0 0 0 1 0 0 0
00008468_045.png 0 0 0 0 0 0 0 0 0 0 1 0 0 0
00008468_046.png 0 0 0 0 0 0 0 0 0 0 0 0 0 0
00008468_047.png 0 0 0 0 0 0 0 0 0 0 1 0 0 0
00008468_048.png 0 0 0 0 0 0 0 0 0 0 0 0 0 0
00008468_049.png 0 0 0 1 0 0 0 0 0 0 0 0 0 0
00008468_050.png 0 0 0 0 0 0 0 0 0 0 1 0 0 0
00008468_051.png 0 0 0 0 0 0 0 1 0 0 0 0 0 0
00008468_052.png 0 0 0 0 0 0 0 1 0 0 0 0 0 0
00008468_053.png 0 0 0 1 0 1 0 1 0 0 1 0 0 0
00008468_054.png 0 0 0 0 0 0 0 1 0 0 1 0 0 0
00008468_055.png 0 0 0 0 0 0 0 0 0 0 0 0 0 0
00008468_056.png 0 0 0 0 0 0 0 0 0 0 0 0 0 0
00008468_057.png 0 0 0 0 0 0 0 0 0 0 0 0 0 0
00008468_058.png 0 0 0 1 0 0 0 0 0 0 0 0 0 0
00008468_059.png 0 0 0 1 0 0 0 0 0 0 0 0 0 0
00008468_060.png 0 0 0 1 1 0 0 0 0 0 0 0 0 0
00008468_061.png 0 0 0 0 0 0 0 0 0 0 0 0 0 0
00008468_062.png 0 0 0 0 0 0 0 1 0 0 1 0 0 0
00008468_063.png 0 0 0 0 0 0 0 1 0 0 0 0 0 0
00008468_064.png 0 0 0 0 0 0 0 0 0 0 1 0 0 0
00008468_065.png 0 0 0 0 0 0 0 1 0 0 1 0 0 0
00008468_066.png 0 0 0 0 0 0 0 0 0 0 0 0 0 0
00008468_067.png 0 0 0 0 0 0 0 0 0 0 0 0 0 0
00008468_068.png 0 0 0 1 0 0 0 0 0 0 0 0 0 0
00008468_069.png 0 0 0 0 0 0 0 0 0 0 0 0 0 0
00001146_000.png 0 0 0 0 0 0 0 0 0 0 0 0 0 0
00020971_000.png 0 0 0 0 0 0 0 0 0 0 0 0 0 0
00002376_000.png 0 0 0 0 0 0 0 0 0 0 0 0 0 0
00002376_001.png 0 0 0 0 0 0 0 0 0 0 0 0 0 0
00002376_002.png 0 0 0 0 0 0 0 0 1 0 0 0 0 0
00002376_003.png 1 0 0 0 0 0 0 0 0 0 0 0 0 0
00002376_004.png 0 0 0 0 0 1 0 1 0 0 0 0 0 0
00018733_000.png 0 0 0 0 1 0 0 0 0 0 0 0 0 0
00018733_001.png 0 0 0 0 1 0 0 0 0 0 0 0 0 0
00025795_000.png 1 0 0 0 0 0 0 0 0 0 0 0 0 0
00009578_000.png 0 0 0 0 0 0 0 0 0 0 0 0 0 0
00006794_000.png 0 0 0 0 0 0 0 0 0 0 0 0 0 0
00006794_001.png 0 0 0 1 0 0 0 0 0 0 0 0 0 0
00006794_002.png 0 0 0 0 0 1 0 0 0 0 0 0 0 0
00006794_003.png 0 0 0 1 0 0 0 0 1 0 1 0 0 0
00006794_004.png 0 0 0 1 0 0 0 0 1 0 1 0 0 0
00000664_000.png 0 0 0 0 0 0 0 0 0 0 0 0 0 0
00026200_000.png 0 0 0 0 0 0 0 0 0 0 0 0 0 0
00010204_000.png 0 0 0 0 0 0 0 0 0 0 0 0 0 0
00027192_000.png 0 0 0 0 0 0 0 0 0 0 0 0 0 0
00027192_001.png 0 0 0 0 0 0 0 0 0 0 0 0 0 0
00027192_002.png 0 0 0 0 0 0 0 0 0 0 0 0 0 0
00006132_000.png 0 0 0 0 0 0 0 0 0 0 0 0 0 0
00006132_001.png 0 0 0 1 0 0 0 0 0 0 0 0 0 0
00010585_000.png 1 0 0 0 0 0 0 0 0 0 0 0 0 0
00010585_001.png 0 0 0 0 0 0 0 0 0 0 0 0 0 0
00010585_002.png 0 0 0 0 0 0 0 0 0 0 0 0 0 0
00010585_003.png 0 0 0 0 0 0 0 0 0 0 0 0 0 0
00010585_004.png 0 0 0 0 0 0 0 0 0 0 0 0 0 0
00010585_005.png 0 0 0 1 1 0 0 0 0 0 0 0 0 0
00010585_006.png 0 0 0 0 0 0 0 0 0 0 0 0 0 0
00010585_007.png 0 0 0 0 0 0 0 0 0 0 0 1 0 0
00010585_008.png 0 0 0 0 0 0 0 0 0 0 0 0 0 0
00010585_009.png 0 0 0 0 0 0 0 0 0 0 0 0 0 0
00010585_010.png 0 0 0 0 0 0 0 0 0 0 0 0 0 0
00010585_011.png 0 0 0 0 0 0 0 0 0 0 0 0 0 0
00010585_012.png 0 0 1 0 0 0 0 0 0 0 0 0 0 0
00010585_013.png 0 0 1 0 0 0 0 0 0 0 0 0 0 0
00010585_014.png 0 0 0 0 0 0 0 0 0 0 0 0 0 0
00010585_015.png 0 0 1 0 0 0 0 0 0 0 0 0 0 0
00010585_016.png 0 0 0 0 0 0 0 0 0 0 0 0 0 0
00010585_017.png 0 0 0 0 0 0 0 0 0 0 0 0 0 0
00010585_018.png 0 0 0 0 0 0 0 0 0 0 0 0 0 0
00010585_019.png 0 0 1 0 0 0 0 0 0 0 0 0 0 0
00010585_020.png 0 0 0 0 0 0 0 0 0 0 0 0 0 0
00010585_021.png 0 0 0 0 0 0 0 0 0 0 0 0 0 0
00010585_022.png 0 0 0 0 0 0 0 0 0 0 0 0 0 0
00010585_023.png 0 0 0 0 0 0 0 0 0 0 0 0 0 0
00010585_024.png 0 0 0 0 0 0 0 0 0 0 0 0 0 0
00010585_025.png 0 0 0 1 0 0 0 0 0 0 0 1 0 0
00010585_026.png 0 0 0 0 0 0 0 0 0 0 0 0 0 0
00010585_027.png 0 1 0 0 0 0 0 0 0 0 0 0 0 0
00010585_028.png 0 0 0 0 0 0 0 0 0 0 0 0 0 0
00010585_029.png 0 0 1 0 0 0 0 0 0 0 0 0 0 0
00010585_030.png 0 0 1 0 0 0 0 0 0 0 0 0 0 0
00010585_031.png 0 0 0 0 0 0 0 0 0 0 0 0 0 0
00010585_032.png 0 0 0 0 0 0 0 0 0 0 0 0 0 0
00010585_033.png 0 0 0 0 0 0 0 0 0 0 0 0 0 0
00010585_034.png 0 0 0 1 0 0 0 0 0 0 0 1 0 0
00010585_035.png 0 0 0 0 0 0 0 0 0 0 0 0 0 0
00010585_036.png 0 0 0 0 0 0 0 0 1 0 0 0 0 0
00010585_037.png 0 0 0 0 0 0 0 0 0 0 0 0 0 0
00010585_038.png 0 0 0 0 0 0 0 0 0 0 0 0 0 0
00028424_000.png 0 0 0 1 0 0 0 0 0 0 0 0 0 0
00001849_000.png 0 0 0 0 0 0 0 0 0 0 0 0 0 0
00027553_000.png 0 0 0 0 0 0 0 0 0 0 0 0 0 0
00027553_001.png 0 0 0 0 0 0 0 0 0 0 0 0 0 0
00027553_002.png 0 0 0 0 0 0 0 0 0 0 0 0 0 0
00027553_003.png 0 0 0 0 0 0 0 0 0 0 0 0 0 0
00027553_004.png 1 0 0 0 0 0 0 0 0 0 0 0 0 0
00010967_000.png 0 0 0 0 1 0 0 0 0 0 0 1 0 0
00010967_001.png 0 0 0 0 0 0 0 1 0 0 0 0 0 0
00010967_002.png 0 0 0 0 0 0 0 0 0 0 0 0 0 0
00010967_003.png 1 0 0 1 1 0 0 0 0 0 0 0 0 0
00010967_004.png 0 0 0 0 1 0 0 0 0 0 0 0 0 0
00010967_005.png 0 0 0 0 0 0 0 0 0 0 0 0 0 0
00010967_006.png 0 0 0 0 0 0 0 0 0 0 0 0 0 0
00010967_007.png 0 0 0 1 0 0 0 0 0 0 0 0 0 0
00010967_008.png 0 0 1 0 0 0 0 0 1 0 0 0 0 0
00010967_009.png 0 0 0 0 1 0 0 0 0 0 0 1 0 0
00010967_010.png 0 0 0 0 0 0 0 0 0 0 0 0 1 0
00010967_011.png 0 0 0 0 0 0 0 0 0 0 0 0 1 0
00019778_000.png 0 0 0 0 0 0 0 0 0 0 0 0 0 0
00023203_000.png 0 0 0 0 0 0 0 0 0 0 0 0 0 0
00023203_001.png 0 0 0 0 0 0 0 0 0 0 0 0 0 0
00023203_002.png 0 0 0 1 0 0 0 0 0 0 0 0 0 0
00025305_000.png 0 0 0 1 0 0 0 0 0 0 0 0 0 0
00025305_001.png 0 0 0 0 0 0 0 0 0 0 0 0 0 0
00025353_000.png 0 0 0 1 0 0 0 0 0 0 0 0 0 0
00001721_000.png 0 0 0 0 0 0 0 0 0 0 0 0 0 0
00022379_000.png 0 0 0 0 0 0 0 0 0 0 0 0 0 0
00022227_000.png 0 0 0 0 0 0 0 0 0 0 0 0 0 0
00003354_000.png 0 0 0 0 0 0 0 0 0 0 0 0 0 0
00003354_001.png 0 0 0 0 0 0 0 0 0 0 0 0 0 0
00003354_002.png 0 0 0 0 0 0 0 0 0 0 0 0 0 0
00003354_003.png 0 0 0 0 0 0 0 0 0 0 0 0 0 0
00003354_004.png 0 0 0 0 0 0 0 0 0 0 0 0 0 0
00029263_000.png 0 0 0 0 0 0 0 0 0 0 0 0 0 0
00023876_000.png 0 0 0 0 0 0 0 0 0 0 0 0 0 0
00010089_000.png 0 0 0 0 0 0 0 0 0 0 0 0 0 0
00010089_001.png 0 0 0 0 0 0 0 0 0 0 0 0 0 0
00010089_002.png 0 0 0 0 0 0 0 0 0 0 0 0 0 0
00015443_000.png 1 0 0 0 0 0 0 0 0 0 0 0 0 0
00015443_001.png 0 0 0 0 0 1 0 0 0 0 0 0 0 0
00015443_002.png 0 0 0 0 0 0 0 0 0 0 0 0 0 0
00015443_003.png 0 0 0 0 0 0 0 0 0 0 0 0 0 0
00015443_004.png 1 0 0 0 0 0 0 0 0 0 0 0 0 0
00015443_005.png 0 0 0 0 0 0 0 0 0 0 0 0 0 0
00015443_006.png 0 0 0 0 0 0 0 0 0 0 0 0 0 0
00015443_007.png 0 0 0 0 0 0 0 0 0 0 0 0 0 0
00015443_008.png 0 0 0 0 0 0 0 0 0 0 0 0 0 0
00015443_009.png 0 0 0 0 0 0 0 0 0 0 0 0 0 0
00015443_010.png 1 0 0 0 0 0 0 0 0 0 0 0 0 0
00015443_011.png 1 0 0 1 0 0 0 0 0 0 0 0 0 0
00015443_012.png 0 0 0 0 0 0 0 0 0 0 0 0 0 0
00015443_013.png 0 0 0 0 0 0 0 0 0 0 0 0 0 0
00015443_014.png 0 0 0 1 0 0 0 0 0 0 0 0 0 0
00015443_015.png 0 0 1 1 0 0 0 0 0 0 0 0 0 0
00015443_016.png 0 0 0 0 0 0 0 0 0 0 1 0 0 0
00015443_017.png 0 0 0 0 0 0 0 0 0 0 0 0 0 0
00015443_018.png 0 0 0 0 0 0 0 0 0 0 0 0 0 0
00015443_019.png 0 0 0 0 0 0 0 0 0 0 0 0 0 0
00015443_020.png 0 0 0 1 1 0 0 0 0 0 0 0 0 0
00015462_000.png 0 0 0 1 0 0 1 0 1 0 0 0 0 0
00015462_001.png 1 0 0 1 1 0 0 0 0 0 0 0 0 0
00015462_002.png 0 0 0 0 0 0 0 0 0 0 0 0 0 0
00023018_000.png 0 0 1 0 0 1 0 0 0 0 0 0 1 0
00015190_000.png 0 0 0 0 0 0 0 0 0 0 0 0 0 0
00015190_001.png 0 0 0 0 0 1 0 0 0 0 0 0 0 0
00015190_002.png 0 0 0 0 0 0 0 0 0 0 0 0 0 0
00015190_003.png 0 0 0 0 1 0 0 0 0 0 0 0 0 0
00015190_004.png 0 0 0 0 0 0 0 0 0 0 0 0 0 0
00015190_005.png 0 0 0 0 0 0 0 0 0 1 0 0 0 0
00015190_006.png 0 0 0 0 0 0 0 0 0 1 0 0 0 0
00015190_007.png 0 0 0 0 0 0 0 0 0 1 0 0 0 0
00023246_000.png 0 1 0 0 0 0 0 0 0 0 0 0 0 0
00020245_000.png 0 0 0 0 0 0 0 0 0 0 0 0 0 0
00010533_000.png 0 0 0 0 0 0 0 0 0 0 0 0 0 0
00011073_000.png 0 0 0 0 0 0 0 0 0 0 0 0 0 0
00016112_000.png 0 0 0 0 0 0 0 0 0 0 0 0 0 0
00022469_000.png 0 0 0 1 0 0 0 0 0 0 0 0 0 0
00022469_001.png 0 0 0 0 0 0 0 0 0 0 0 0 0 0
00006632_000.png 0 0 0 0 0 0 0 0 0 0 0 0 1 0
00006632_001.png 0 0 0 0 0 0 0 0 0 0 0 0 0 0
00006632_002.png 0 0 0 0 0 0 0 0 0 0 0 0 0 0
00006632_003.png 0 0 0 0 0 0 0 0 0 0 0 0 0 0
00006632_004.png 0 0 0 0 0 0 0 0 0 0 0 0 0 0
00006632_005.png 0 0 0 0 0 0 0 0 0 0 0 0 0 0
00029262_000.png 0 0 0 1 0 0 0 0 0 0 0 0 0 0
00011359_000.png 0 0 0 0 0 0 0 0 0 0 0 0 0 0
00011359_001.png 0 0 0 0 0 0 0 0 0 0 0 0 0 0
00011359_002.png 0 0 0 0 0 0 0 0 0 0 0 0 0 0
00011103_000.png 0 0 0 0 0 0 0 0 0 0 0 0 0 0
00012885_000.png 0 0 0 1 0 0 0 0 0 0 0 0 0 0
00030450_000.png 0 0 0 0 0 0 0 0 0 0 0 0 0 0
00030450_001.png 0 0 0 0 0 0 0 0 0 0 0 0 0 0
00030450_002.png 0 0 0 0 0 0 0 0 0 0 0 0 0 0
00030450_003.png 0 0 0 0 0 0 0 0 0 0 0 0 0 0
00006506_000.png 0 0 0 0 0 0 0 0 0 0 0 0 0 0
00006506_001.png 0 0 0 0 0 0 0 0 0 0 0 0 0 0
00006506_002.png 0 0 0 0 0 0 0 1 0 0 0 0 0 0
00025720_000.png 0 0 0 0 0 0 0 0 0 0 0 0 0 0
00025720_001.png 0 0 0 0 0 0 0 0 0 0 0 0 0 0
00025720_002.png 0 0 0 0 0 0 0 0 0 0 0 0 0 0
00011479_000.png 0 0 0 0 0 0 0 0 0 0 0 0 0 0
00009468_000.png 0 0 0 0 0 0 0 0 0 0 0 0 1 0
00022082_000.png 0 0 0 0 0 0 0 0 0 0 0 0 0 0
00022082_001.png 0 0 0 0 0 0 0 0 0 0 0 0 0 0
00018108_000.png 0 0 0 0 0 0 0 0 0 0 0 0 0 0
00018108_001.png 0 0 0 0 0 0 0 0 0 0 0 0 0 0
00000874_000.png 0 0 0 1 0 0 0 0 0 0 0 0 0 0
00014772_000.png 0 1 0 0 0 0 0 0 0 0 0 0 0 0
00022286_000.png 0 0 0 0 0 0 0 0 0 0 0 0 0 0
00001540_000.png 0 0 0 0 0 0 0 0 0 0 0 0 0 0
00001540_001.png 0 0 0 0 0 0 0 0 0 0 0 0 0 0
00001540_002.png 0 0 0 0 0 0 0 0 0 0 0 0 0 0
00001540_003.png 0 0 0 0 0 0 0 0 0 0 0 0 0 0
00000137_000.png 0 0 0 0 0 0 0 0 0 0 0 0 0 0
00000137_001.png 0 0 0 0 0 0 0 0 0 0 0 0 0 0
00026845_000.png 0 0 0 0 0 0 0 0 0 0 0 0 1 0
00000154_000.png 0 0 0 1 0 0 0 0 0 0 0 0 0 0
00000154_001.png 0 0 0 1 0 1 0 0 0 0 0 0 0 0
00009990_000.png 0 0 0 0 0 0 0 0 0 0 0 0 0 0
00009990_001.png 0 0 0 1 0 1 0 0 0 0 0 0 0 0
00014949_000.png 0 0 0 0 0 0 0 0 0 0 0 0 0 0
00014949_001.png 0 0 0 0 0 0 0 0 0 0 0 0 0 0
00014949_002.png 0 0 0 0 0 0 0 0 0 0 0 0 0 0
00023631_000.png 1 0 0 0 0 0 0 0 0 0 0 0 0 0
00023631_001.png 0 0 0 0 0 0 0 0 0 0 0 0 0 0
00023306_000.png 0 0 0 1 0 0 0 0 0 0 0 0 0 0
00023306_001.png 0 0 0 0 0 0 0 0 0 0 0 0 0 0
00023306_002.png 0 0 0 0 0 0 0 0 0 0 0 0 0 0
00002605_000.png 0 0 0 0 0 0 0 0 0 0 0 0 0 0
00002605_001.png 0 0 0 0 0 0 0 0 0 0 0 0 0 0
00029598_000.png 0 0 0 0 1 0 0 0 0 0 0 1 0 0
00022731_000.png 1 0 0 0 0 0 0 0 0 0 0 0 0 0
00022731_001.png 0 0 0 0 0 0 0 0 0 0 0 0 0 0
00006596_000.png 0 0 1 0 1 0 0 0 0 0 0 0 0 0
00006596_001.png 0 0 0 0 1 0 0 0 0 0 1 0 0 0
00006596_002.png 0 0 0 0 0 0 0 0 0 0 0 0 0 0
00006596_003.png 0 0 0 0 0 0 0 0 0 0 0 0 0 0
00006596_004.png 0 0 0 0 0 0 0 0 0 0 0 0 0 0
00006596_005.png 0 0 0 0 0 0 0 0 0 0 0 0 0 0
00006596_006.png 0 0 0 0 1 0 0 0 0 0 0 0 0 0
00006596_007.png 0 0 0 1 1 0 0 0 0 0 0 0 0 0
00006596_008.png 0 0 0 0 0 0 0 0 0 0 0 0 0 0
00005164_000.png 0 0 0 0 0 0 0 0 0 0 0 1 0 0
00002213_000.png 0 0 0 0 0 0 0 0 0 0 1 0 0 0
00002213_001.png 0 0 0 0 0 0 0 0 0 0 1 0 0 0
00002213_002.png 0 0 0 0 0 0 0 0 0 0 0 0 0 0
00021447_000.png 0 0 0 0 0 0 0 0 0 0 0 0 0 0
00021447_001.png 0 0 0 0 0 0 0 0 0 0 0 0 0 0
00015523_000.png 0 0 0 0 0 0 0 0 0 0 0 0 1 0
00015523_001.png 1 0 0 0 0 0 0 0 1 0 0 1 0 0
00015523_002.png 0 0 0 0 0 0 0 0 0 0 0 0 0 0
00015523_003.png 0 0 0 0 0 0 0 0 0 0 0 0 0 0
00015523_004.png 0 0 0 0 0 0 0 1 0 0 0 0 0 0
00015523_005.png 0 0 0 0 1 0 0 1 1 0 0 0 0 0
00015523_006.png 1 0 0 0 0 0 0 1 1 0 0 0 0 0
00028804_000.png 0 0 0 0 0 0 0 0 0 0 0 0 0 0
00019517_000.png 0 0 0 0 0 0 0 0 0 0 0 0 0 0
00019517_001.png 0 0 0 0 0 0 0 0 0 0 0 0 0 0
00012071_000.png 0 0 0 0 0 0 0 0 0 0 0 0 0 0
00021229_000.png 0 0 0 0 0 0 0 0 0 0 0 0 0 0
00018529_000.png 0 0 0 0 0 0 0 0 0 0 0 0 0 0
00003788_000.png 0 0 0 0 0 0 0 0 0 0 0 0 0 0
00008193_000.png 0 0 0 0 0 0 0 0 0 0 0 0 0 0
00002365_000.png 0 0 0 0 0 0 0 0 0 0 0 0 0 0
00002365_001.png 0 0 0 0 0 0 0 0 0 0 0 0 0 0
00002365_002.png 0 0 0 1 0 0 0 0 0 0 0 0 0 0
00002365_003.png 0 0 0 0 0 0 0 0 0 0 0 0 0 0
00002365_004.png 0 0 0 0 0 0 0 0 0 0 0 0 0 0
00000567_000.png 0 0 0 0 0 0 0 0 0 0 0 0 0 0
00008200_000.png 0 0 0 0 0 0 0 0 0 0 0 0 0 0
00008088_000.png 0 0 0 0 0 0 0 0 0 0 0 0 0 0
00008088_001.png 0 0 0 0 0 0 0 0 0 0 0 0 0 0
00014675_000.png 0 0 1 0 0 0 0 0 0 0 0 0 0 0
00014675_001.png 0 0 0 0 1 0 0 0 0 0 0 0 0 0
00014675_002.png 0 0 0 0 0 0 0 1 0 0 0 0 0 0
00014675_003.png 0 0 1 1 1 0 0 0 0 0 0 0 0 0
00014675_004.png 0 0 0 0 0 0 0 0 0 1 0 0 0 0
00014675_005.png 0 0 0 0 0 0 0 0 0 1 0 0 0 0
00014675_006.png 0 0 0 0 0 0 0 0 0 1 0 0 0 0
00014675_007.png 0 0 0 0 0 1 0 0 0 0 0 0 0 0
00014675_008.png 0 0 0 0 0 0 0 0 0 0 0 0 0 0
00014675_009.png 0 0 0 0 0 0 0 0 0 0 0 0 0 0
00014675_010.png 0 0 1 0 0 0 0 0 0 0 0 0 0 0
00014675_011.png 0 0 0 0 0 0 0 0 0 0 0 0 0 0
00014675_012.png 1 0 0 0 0 0 0 0 1 0 0 0 1 0
00014675_013.png 0 0 0 0 0 0 0 0 0 0 0 0 0 0
00014675_014.png 0 0 0 0 0 0 0 0 0 0 0 0 0 0
00014675_015.png 0 0 0 0 0 0 0 0 0 0 0 0 1 0
00014675_016.png 0 0 0 0 0 0 0 0 0 0 0 0 0 0
00014675_017.png 0 0 0 0 0 0 0 0 0 0 0 0 0 0
00014675_018.png 0 0 1 0 0 0 0 0 0 0 0 0 0 0
00014675_019.png 0 0 0 0 0 0 0 0 0 0 0 0 0 0
00014675_020.png 0 0 0 0 0 0 0 0 0 0 0 0 0 0
00014675_021.png 0 0 0 0 0 0 0 0 0 0 0 0 0 0
00014675_022.png 0 0 0 0 0 0 0 0 0 0 0 0 0 0
00014675_023.png 0 0 0 0 0 0 0 0 0 0 0 0 0 0
00014675_024.png 0 0 0 0 0 0 0 0 0 0 0 0 0 0
00014675_025.png 0 0 1 0 0 0 0 1 0 0 0 0 0 0
00014675_026.png 0 0 1 0 0 0 0 1 0 0 0 0 0 0
00014675_027.png 0 0 0 1 0 0 0 0 0 0 1 0 0 0
00014675_028.png 0 0 0 1 0 0 0 0 0 0 1 0 0 0
00014675_029.png 0 0 0 0 0 0 0 0 0 0 0 0 0 0
00014675_030.png 0 0 1 0 0 0 0 0 0 0 0 0 0 0
00014675_031.png 0 0 1 1 0 0 1 1 0 0 0 0 0 0
00014675_032.png 0 0 1 0 0 0 0 0 0 0 0 0 0 0
00014675_033.png 0 0 1 0 0 0 0 0 0 0 0 0 0 0
00014675_034.png 0 0 0 0 0 0 0 0 0 0 1 0 0 0
00014675_035.png 0 0 0 0 0 0 0 0 0 0 0 0 0 0
00014675_036.png 0 0 0 1 0 0 1 0 0 0 0 0 1 0
00014675_037.png 0 0 0 0 0 0 0 0 0 0 0 0 0 0
00014675_038.png 0 0 0 0 0 0 0 0 0 0 0 0 0 0
00014675_039.png 0 0 1 0 0 0 0 0 0 0 0 0 0 0
00014675_040.png 0 0 1 0 0 0 0 0 0 0 0 0 0 0
00014675_041.png 0 0 0 0 0 0 0 0 0 0 0 0 0 0
00025032_000.png 0 0 0 1 0 0 0 0 0 0 0 0 0 0
00003514_000.png 0 0 0 0 0 0 0 0 0 0 0 0 0 0
00003514_001.png 0 0 0 0 0 0 0 0 0 0 0 0 0 0
00003514_002.png 0 0 0 0 0 0 0 0 0 0 0 0 0 0
00003514_003.png 0 0 0 0 0 0 0 0 0 0 0 0 0 0
00016217_000.png 0 0 0 0 0 0 0 0 0 0 0 0 0 0
00002949_000.png 0 0 0 0 0 0 0 0 0 0 0 0 0 0
00010590_000.png 1 0 1 0 0 0 0 0 0 0 0 0 0 0
00010590_001.png 1 0 0 0 0 0 0 0 0 0 0 1 0 0
00010590_002.png 0 0 0 0 0 0 0 0 0 0 0 0 0 0
00010590_003.png 1 0 0 0 0 0 0 0 0 0 0 0 0 0
00010590_004.png 1 0 0 0 0 0 0 0 0 0 0 0 0 0
00010590_005.png 1 0 0 0 0 0 0 0 0 0 0 0 0 0
00010590_006.png 1 0 0 0 0 0 0 0 0 0 0 0 0 0
00010590_007.png 0 0 0 0 0 0 0 0 0 0 0 0 0 0
00010590_008.png 1 0 0 0 0 0 0 0 0 0 0 0 0 0
00010590_009.png 1 0 0 0 0 0 0 0 0 0 0 0 0 0
00010590_010.png 0 0 0 0 0 0 0 0 0 0 0 0 0 0
00010590_011.png 1 0 0 0 0 0 0 0 0 0 0 0 0 0
00010500_000.png 0 0 0 0 0 0 0 0 0 0 0 0 0 0
00010500_001.png 1 0 0 0 0 0 0 0 0 0 0 0 0 0
00010500_002.png 1 0 0 0 0 0 0 0 0 0 0 0 0 0
00010500_003.png 0 0 0 0 0 0 0 0 0 0 0 0 0 0
00023886_000.png 0 0 0 0 0 0 0 0 0 0 0 0 0 0
00000845_000.png 0 1 0 0 0 0 0 0 0 0 0 0 0 0
00000845_001.png 0 1 1 0 0 0 0 0 0 0 0 0 0 0
00000845_002.png 0 0 0 0 0 0 0 0 0 0 0 0 0 0
00000845_003.png 0 0 0 0 0 0 0 0 0 0 0 0 0 0
00030333_000.png 0 0 0 0 0 0 0 0 0 0 0 0 0 0
00009001_000.png 0 0 0 0 0 0 0 0 0 0 0 0 0 0
00009001_001.png 0 0 0 0 0 0 0 0 0 0 0 0 0 0
00009001_002.png 0 0 0 0 0 0 0 0 0 0 0 0 1 0
00009001_003.png 0 0 0 1 0 0 0 0 0 0 0 0 0 0
00009001_004.png 0 0 0 0 0 0 0 0 0 0 0 0 0 0
00009001_005.png 0 0 1 0 0 0 0 1 0 0 0 0 0 0
00009001_006.png 0 0 0 0 0 0 0 0 0 0 0 0 0 0
00009001_007.png 0 1 0 0 0 0 0 0 0 0 0 0 0 0
00020867_000.png 0 0 0 0 1 0 0 0 0 0 0 0 0 0
00020867_001.png 0 0 0 1 1 0 0 0 0 0 0 1 0 0
00029996_000.png 0 0 0 0 0 0 0 0 0 0 0 0 0 0
00004781_000.png 0 0 0 0 0 0 0 0 0 0 0 0 0 0
00007827_000.png 0 0 0 0 0 0 0 0 0 0 0 0 0 0
00018180_000.png 0 0 0 0 0 0 0 0 0 0 0 0 0 0
00018180_001.png 0 0 0 0 0 0 0 0 0 0 0 0 0 0
00018180_002.png 0 0 0 0 0 0 0 0 0 0 0 0 0 0
00018180_003.png 0 0 0 0 0 0 0 0 0 0 0 0 0 0
00000370_000.png 0 0 0 0 0 1 0 0 0 0 0 0 0 0
00000370_001.png 0 0 0 0 0 0 0 0 0 0 0 0 0 0
00000370_002.png 0 0 0 0 0 0 0 0 0 0 0 0 0 0
00000370_003.png 0 0 0 0 0 0 0 0 0 0 0 0 0 0
00000370_004.png 0 0 0 0 0 0 0 0 0 0 0 0 0 0