0,0.18649255439979412,0.1605234746847834,0.0001
epoch,train_loss,val_loss,Seed,lr
1,0.15560686563674914,0.1539681362254279,0.0001
2,0.1473542997160802,0.15202749929257803,0.0001
3,0.14016980551438463,0.1501894036786897,0.0001
4,0.1325452879077313,0.15170355669089727,0.0001
5,0.12316868603715694,0.15675945000989097,0.0001
6,0.11202929420837279,0.16260062515735627,0.0001
0,0.18726659822011849,0.16018952084439142,0.0001
epoch,train_loss,val_loss,Seed,lr
1,0.155638338180584,0.15615029147693088,0.0001
2,0.14735357405019234,0.15131643697619437,0.0001
3,0.14033351591248885,0.15045009027634348,0.0001
4,0.13259066683263024,0.15410326355269977,0.0001
5,0.12323954588388736,0.1569616727105209,0.0001
6,0.11220691057733377,0.16174291610717773,0.0001
